Table 202.2E
Minimum Radii for Design Superelevation Rates, Design Speeds, and emax=12%

Vd (mph)
25 30 35 40 45 50 55 60 65 70 75 80

e (%) | R (ft)
NC 2460 3370 4390 5580 6910 8370 9990 11800 13200 14800 16400 18100
RC 1820 2490 3260 4140 5130 6220 7430 8740 9840 11000 12300 13600
2.2 1640 2250 2950 3750 4640 5640 6730 7930 8920 9980 11200 12400
2.4 1500 2060 2690 3420 4240 5150 6150 7240 8160 9130 10200 11300
2.6 1370 1890 2470 3140 3900 4730 5660 6670 7510 8420 9380 10500
2.8 1270 1740 2280 2910 3600 4380 5240 6170 6960 7800 8700 9660
3.0 1170 1620 2120 2700 3350 4070 4870 5740 6480 7270 8110 9010
3.2 1090 1510 1970 2520 3130 3800 4550 5370 6060 6800 7600 8440
3.4 1020 1410 1850 2360 2930 3560 4270 5030 5690 6390 7140 7940
3.6 953 1320 1730 2220 2750 3350 4020 4740 5360 6020 6740 7500
3.8 896 1250 1630 2090 2600 3160 3790 4470 5060 5700 6380 7100
4.0 845 1180 1540 1980 2460 2990 3590 4240 4800 5400 6050 6740
4.2 798 1110 1460 1870 2330 2840 3400 4020 4560 5130 5750 6420
4.4 756 1050 1390 1780 2210 2700 3240 3830 4340 4890 5490 6120
4.6 717 997 1320 1690 2110 2570 3080 3650 4140 4670 5240 5850
4.8 681 948 1260 1610 2010 2450 2940 3480 3960 4470 5020 5610
5.0 648 904 1200 1540 1920 2340 2810 3330 3790 4280 4810 5380
5.2 618 862 1140 1470 1840 2240 2700 3190 3630 4110 4620 5170
5.4 589 824 1090 1410 1760 2150 2590 3060 3490 3950 4440 4980
5.6 563 788 1050 1350 1690 2060 2480 2940 3360 3800 4280 4800
5.8 538 754 1000 1300 1620 1980 2390 2830 3230 3660 4130 4630
6.0 514 723 960 1250 1560 1910 2300 2730 3110 3530 3990 4470
6.2 492 694 922 1200 1500 1840 2210 2630 3010 3410 3850 4330
6.4 471 666 886 1150 1440 1770 2140 2540 2900 3300 3730 4190
6.6 452 639 852 1110 1390 1710 2060 2450 2810 3190 3610 4060
6.8 433 615 820 1070 1340 1650 1990 2370 2720 3090 3500 3940
7.0 415 591 790 1030 1300 1590 1930 2290 2630 3000 3400 3820
7.2 398 568 762 994 1250 1540 1860 2220 2550 2910 3300 3720
7.4 382 547 734 960 1210 1490 1810 2150 2470 2820 3200 3610
7.6 366 527 708 928 1170 1440 1750 2090 2400 2740 3120 3520
7.8 351 507 684 897 1130 1400 1700 2020 2330 2670 3030 3430
8.0 336 488 660 868 1100 1360 1650 1970 2270 2600 2950 3340
8.2 321 470 637 840 1070 1320 1600 1910 2210 2530 2880 3260
8.4 307 452 615 813 1030 1280 1550 1860 2150 2460 2800 3180
8.6 294 435 594 787 997 1240 1510 1810 2090 2400 2740 3100
8.8 281 418 574 762 967 1200 1470 1760 2040 2340 2670 3030
9.0 270 403 554 738 938 1170 1430 1710 1980 2280 2610 2960
9.2 259 388 535 715 910 1140 1390 1660 1940 2230 2550 2890
9.4 248 373 516 693 883 1100 1350 1620 1890 2180 2490 2830
9.6 238 359 499 671 857 1070 1310 1580 1840 2130 2440 2770
9.8 228 346 481 650 832 1040 1280 1540 1800 2080 2380 2710
10.0 219 333 465 629 806 1010 1250 1500 1760 2030 2330 2660
10.2 210 320 448 608 781 980 1210 1460 1720 1990 2280 2600
10.4 201 308 432 588 757 951 1180 1430 1680 1940 2240 2550
10.6 192 296 416 568 732 922 1140 1390 1640 1900 2190 2500
10.8 184 284 400 548 707 892 1110 1350 1600 1860 2150 2460
11.0 175 272 384 527 682 862 1070 1310 1560 1820 2110 2410
11.2 167 259 368 506 656 831 1040 1270 1510 1780 2070 2370
11.4 158 247 351 485 629 799 995 1220 1470 1730 2020 2320
11.6 149 233 333 461 600 763 953 1170 1410 1680 1970 2280
11.8 139 218 312 434 566 722 904 1120 1350 1620 1910 2230
12.0 119 188 272 381 500 641 807 1000 1220 1480 1790 2130