Table 202.2A
Minimum Radii for Design Superelevation Rates, Design Speeds, and emax=4%

Vd (mph)
20 25 30 35 40 45 50

e (%) | R (ft)
NC 1410 2050 2830 3730 4770 5930 7220
RC 902 1340 1880 2490 3220 4040 4940
2.2 723 1110 1580 2120 2760 3480 4280
2.4 513 838 1270 1760 2340 2980 3690
2.6 388 650 1000 1420 1930 2490 3130
2.8 308 524 817 1170 1620 2100 2660
3.0 251 433 681 982 1370 1800 2290
3.2 209 363 576 835 1180 1550 1980
3.4 175 307 490 714 1010 1340 1720
3.6 147 259 416 610 865 1150 1480
3.8 122 215 348 512 730 970 1260
4.0 86 154 250 371 533 711 926