Minimum Radii for Design Superelevation Rates, Design Speeds, and emax=10%

Vd (mph)
30 35 40 45 50 55 60 65 70 75 80

e (%) | R (ft)
NC 3320 4350 5520 6830 8280 9890 11700 13100 14700 16300 18000
RC 2440 3210 4080 5050 6130 7330 8630 9720 10900 12200 13500
2.2 2200 2900 3680 4570 5540 6630 7810 8800 9860 11000 12200
2.4 2000 2640 3350 4160 5050 6050 7130 8040 9010 10100 11200
2.6 1840 2420 3080 3820 4640 5550 6550 7390 8290 9260 10300
2.8 1690 2230 2840 3520 4280 5130 6050 6840 7680 8580 9550
3.0 1570 2060 2630 3270 3970 4760 5620 6360 7140 7990 8900
3.2 1450 1920 2450 3040 3700 4440 5250 5930 6680 7480 8330
3.4 1360 1790 2290 2850 3470 4160 4910 5560 6260 7020 7830
3.6 1270 1680 2150 2670 3250 3900 4620 5230 5900 6620 7390
3.8 1190 1580 2020 2510 3060 3680 4350 4940 5570 6260 6990
4.0 1120 1490 1900 2370 2890 3470 4110 4670 5270 5930 6630
4.2 1060 1400 1800 2240 2740 3290 3900 4430 5010 5630 6300
4.4 994 1330 1700 2120 2590 3120 3700 4210 4760 5370 6010
4.6 940 1260 1610 2020 2460 2970 3520 4010 4540 5120 5740
4.8 890 1190 1530 1920 2340 2830 3360 3830 4340 4900 5490
5.0 844 1130 1460 1830 2240 2700 3200 3660 4150 4690 5270
5.2 802 1080 1390 1740 2130 2580 3060 3500 3980 4500 5060
5.4 762 1030 1330 1660 2040 2460 2930 3360 3820 4320 4860
5.6 724 974 1270 1590 1950 2360 2810 3220 3670 4160 4680
5.8 689 929 1210 1520 1870 2260 2700 3090 3530 4000 4510
6.0 656 886 1160 1460 1790 2170 2590 2980 3400 3860 4360
6.2 624 846 1110 1400 1720 2090 2490 2870 3280 3730 4210
6.4 594 808 1060 1340 1650 2010 2400 2760 3160 3600 4070
6.6 564 772 1020 1290 1590 1930 2310 2670 3060 3480 3940
6.8 536 737 971 1230 1530 1860 2230 2570 2960 3370 3820
7.0 509 704 931 1190 1470 1790 2150 2490 2860 3270 3710
7.2 483 671 892 1140 1410 1730 2070 2410 2770 3170 3600
7.4 460 641 855 1100 1360 1670 2000 2330 2680 3070 3500
7.6 437 612 820 1050 1310 1610 1940 2250 2600 2990 3400
7.8 416 585 786 1010 1260 1550 1870 2180 2530 2900 3310
8.0 396 558 754 968 1220 1500 1810 2120 2450 2820 3220
8.2 377 533 722 930 1170 1440 1750 2050 2380 2750 3140
8.4 359 509 692 893 1130 1390 1690 1990 2320 2670 3060
8.6 341 486 662 856 1080 1340 1630 1930 2250 2600 2980
8.8 324 463 633 820 1040 1290 1570 1870 2190 2540 2910
9.0 307 440 604 784 992 1240 1520 1810 2130 2470 2840
9.2 291 418 574 748 948 1190 1460 1740 2060 2410 2770
9.4 274 395 545 710 903 1130 1390 1670 1990 2340 2710
9.6 256 370 513 671 854 1080 1320 1600 1910 2260 2640
9.8 236 343 477 625 798 1010 1250 1510 1820 2160 2550
10.0 200 292 410 540 694 877 1090 1340 1630 1970 2370