Table 202.2B
Minimum Radii for Design Superelevation Rates, Design Speeds, and emax=6%

Vd (mph)
20 25 30 35 40 45 50 55 60

e (%) | R (ft)
NC 1580 2290 3130 4100 5230 6480 7870 9410 11100
RC 1120 1630 2240 2950 3770 4680 5700 6820 8060
2.2 991 1450 2000 2630 3370 4190 5100 6110 7230
2.4 884 1300 1790 2360 3030 3770 4600 5520 6540
2.6 791 1170 1610 2130 2740 3420 4170 5020 5950
2.8 709 1050 1460 1930 2490 3110 3800 4580 5440
3.0 635 944 1320 1760 2270 2840 3480 4200 4990
3.2 566 850 1200 1600 2080 2600 3200 3860 4600
3.4 498 761 1080 1460 1900 2390 2940 3560 4250
3.6 422 673 972 1320 1740 2190 2710 3290 3940
3.8 358 583 864 1190 1590 2010 2490 3040 3650
4.0 309 511 766 1070 1440 1840 2300 2810 3390
4.2 270 452 684 960 1310 1680 2110 2590 3140
4.4 238 402 615 868 1190 1540 1940 2400 2920
4.6 212 360 555 788 1090 1410 1780 2210 2710
4.8 189 324 502 718 995 1300 1640 2050 2510
5.0 169 292 456 654 911 1190 1510 1890 2330
5.2 152 264 413 595 833 1090 1390 1750 2160
5.4 136 237 373 540 759 995 1280 1610 1990
5.6 121 212 335 487 687 903 1160 1470 1830
5.8 106 186 296 431 611 806 1040 1320 1650
6.0 81 144 231 340 485 643 833 1060 1330